200.0     2.279e-10    
225.0     1.532e-10    
250.0     1.082e-10    
275.0     7.711e-11    
300.0     5.732e-11    
325.0     4.353e-11    
350.0     3.327e-11    
375.0     2.489e-11    
400.0     1.937e-11    
425.0     1.543e-11    
450.0     1.235e-11    
475.0     9.802e-12    
500.0     8.1e-12    
525.0     6.703e-12    
550.0     5.619e-12    
575.0     4.605e-12    
600.0     3.925e-12    
625.0     3.344e-12    
650.0     2.784e-12    
675.0     2.42e-12    
700.0     2.096e-12    
725.0     1.793e-12    
750.0     1.567e-12    
775.0     1.35e-12    
800.0     1.188e-12    
825.0     1.026e-12    
850.0     8.956e-13    
875.0     7.83e-13    
900.0     6.999e-13    
925.0     6.143e-13    
950.0     5.363E-13
975.0     4.842e-13    
1000.0     4.233e-13    
1025.0     3.755e-13    
1050.0     3.363e-13    
1075.0     2.993e-13    
1100.0     2.665e-13    
1125.0     2.363e-13    
1150.0     2.121e-13    
1175.0     1.895e-13    
1200.0     1.708e-13    
1225.0     1.527e-13    
1250.0     1.376e-13    
1275.0     1.235e-13    
1300.0     1.113e-13    
1325.0     1.009e-13    
1350.0     9.114e-14    
1375.0     8.279e-14    
1400.0     7.533e-14    
1425.0     6.803e-14    
1450.0     6.107e-14    
1475.0     5.588e-14    
1500.0     5.022e-14    
