200.0     3.621e-10    
225.0     2.453e-10    
250.0     1.686e-10    
275.0     1.215e-10    
300.0     8.911e-11    
325.0     6.756e-11    
350.0     5.161e-11    
375.0     3.897e-11    
400.0     3.019e-11    
425.0     2.392e-11    
450.0     1.914e-11    
475.0     1.539e-11    
500.0     1.27e-11    
525.0     1.052e-11    
550.0     8.757e-12    
575.0     7.26e-12    
600.0     6.135e-12    
625.0     5.234e-12    
650.0     4.405e-12    
675.0     3.757e-12    
700.0     3.322e-12    
725.0     2.814e-12    
750.0     2.434e-12    
775.0     2.088e-12    
800.0     1.834e-12    
825.0     1.599e-12    
850.0     1.394e-12    
875.0     1.23e-12    
900.0     1.089e-12    
925.0     9.593e-13    
950.0     8.335e-13    
975.0     7.429e-13    
1000.0     6.551e-13    
1025.0     5.829e-13    
1050.0     5.218e-13    
1075.0     4.666e-13    
1100.0     4.127e-13    
1125.0     3.719e-13    
1150.0     3.297e-13    
1175.0     2.964e-13    
1200.0     2.664e-13    
1225.0     2.398e-13    
1250.0     2.156e-13    
1275.0     1.946e-13    
1300.0     1.757e-13    
1325.0     1.609e-13    
1350.0     1.434e-13    
1375.0     1.303e-13    
1400.0     1.166e-13    
1425.0     1.065e-13    
1450.0     9.618e-14    
1475.0     8.702e-14    
1500.0     7.927e-14    
1525.0     7.155e-14    
1550.0     6.507e-14    
1575.0     5.951e-14    
1600.0     5.382e-14    
1625.0     4.888e-14    
1650.0     4.484e-14    
1675.0     4.024e-14    
1700.0     3.703e-14    
1725.0     3.353e-14    
1750.0     3.071e-14    
1775.0     2.789e-14    
1800.0     2.562e-14    
1825.0     2.33e-14    
1850.0     2.137e-14    
1875.0     1.965e-14    
1900.0     1.787e-14    
1925.0     1.633e-14    
1950.0     1.502e-14    
1975.0     1.358e-14    
2000.0     1.247e-14    
