200.0     5.118e-10    
225.0     3.395e-10    
250.0     2.435e-10    
275.0     1.747e-10    
300.0     1.288e-10    
325.0     9.715e-11    
350.0     7.465e-11    
375.0     5.636e-11    
400.0     4.409e-11    
425.0     3.405e-11    
450.0     2.743e-11    
475.0     2.217e-11    
500.0     1.8e-11    
525.0     1.506e-11    
550.0     1.249e-11    
575.0     1.041e-11    
600.0     8.828e-12    
625.0     7.482e-12    
650.0     6.291e-12    
675.0     5.454e-12    
700.0     4.714e-12    
725.0     4.041e-12    
750.0     3.504e-12    
775.0     3.016e-12    
800.0     2.632e-12    
825.0     2.285e-12    
850.0     2.015e-12    
875.0     1.746e-12    
900.0     1.544e-12    
925.0     1.378e-12    
950.0     1.196e-12    
975.0     1.072e-12    
1000.0     9.429e-13    
1025.0     8.31e-13    
1050.0     7.417e-13    
1075.0     6.677e-13    
1100.0     5.903e-13    
1125.0     5.368e-13    
1150.0     4.777e-13    
1175.0     4.287e-13    
1200.0     3.844e-13    
1225.0     3.412e-13    
1250.0     3.094e-13    
1275.0     2.801e-13    
1300.0     2.528e-13    
1325.0     2.327e-13    
1350.0     2.043e-13    
1375.0     1.877e-13    
1400.0     1.663e-13    
1425.0     1.521e-13    
1450.0     1.399e-13    
1475.0     1.262e-13    
1500.0     1.143e-13    
1525.0     1.026e-13    
1550.0     9.383e-14    
1575.0     8.538e-14    
1600.0     7.734e-14    
1625.0     7.015e-14    
1650.0     6.441e-14    
1675.0     5.785e-14    
1700.0     5.315e-14    
1725.0     4.841e-14    
1750.0     4.404e-14    
1775.0     4.037e-14    
1800.0     3.685e-14    
1825.0     3.344e-14    
1850.0     3.05e-14    
1875.0     2.806e-14    
1900.0     2.575e-14    
1925.0     2.345e-14    
1950.0     2.161e-14    
1975.0     1.963e-14    
2000.0     1.805e-14    
