200.0     1.301e-10    
225.0     8.607e-11    
250.0     6.047e-11    
275.0     4.335e-11    
300.0     3.188e-11    
325.0     2.416e-11    
350.0     1.846e-11    
375.0     1.393e-11    
400.0     1.088e-11    
425.0     8.574e-12    
450.0     6.854e-12    
475.0     5.548e-12    
500.0     4.543e-12    
525.0     3.747e-12    
550.0     3.105e-12    
575.0     2.575e-12    
600.0     2.18e-12    
625.0     1.833e-12    
650.0     1.559e-12    
675.0     1.342e-12    
700.0     1.157e-12    
725.0     1.001e-12    
750.0     8.634e-13    
775.0     7.496e-13    
800.0     6.536e-13    
825.0     5.705e-13    
850.0     4.98e-13    
875.0     4.361e-13    
900.0     3.9e-13    
925.0     3.391e-13    
950.0     3.008e-13    
975.0     2.687e-13    
1000.0     2.345e-13    
1025.0     2.083e-13    
1050.0     1.868e-13    
1075.0     1.648e-13    
1100.0     1.474e-13    
1125.0     1.323e-13    
1150.0     1.182e-13    
1175.0     1.063e-13    
1200.0     9.579e-14    
1225.0     8.549e-14    
1250.0     7.717e-14    
1275.0     6.967e-14    
1300.0     6.186e-14    
1325.0     5.624e-14    
1350.0     5.103e-14    
1375.0     4.681e-14    
1400.0     4.191e-14    
1425.0     3.771e-14    
1450.0     3.431e-14    
1475.0     3.116e-14    
1500.0     2.811e-14    
1525.0     2.567e-14    
1550.0     2.34e-14    
1575.0     2.132e-14    
1600.0     1.928e-14    
1625.0     1.76e-14    
1650.0     1.592e-14    
1675.0     1.454e-14    
1700.0     1.322e-14    
1725.0     1.198e-14    
1750.0     1.105e-14    
1775.0     1.011e-14    
1800.0     9.21e-15    
1825.0     8.429e-15    
1850.0     7.692e-15    
1875.0     7.022e-15    
1900.0     6.394e-15    
1925.0     5.845e-15    
1950.0     5.357e-15    
1975.0     4.891e-15    
2000.0     4.45e-15    
