200 6.852e-08
225 4.576e-08
250 3.233e-08
275 2.250e-08
300 1.729e-08
325 1.285e-08
350 9.813e-09
375 7.712e-09
400 5.922e-09
425 4.672e-09
450 3.770e-09
475 3.029e-09
500 2.537e-09
525 2.061e-09
550 1.679e-09
575 1.433e-09
600 1.214e-09
625 1.001e-09
650 8.665e-10
675 7.226e-10
700 6.278e-10
725 5.374e-10
750 4.629e-10
775 4.011e-10
800 3.511e-10
825 3.006e-10
850 2.692e-10
875 2.344e-10
900 2.115e-10
925 1.817e-10
950 1.607e-10
975 1.418e-10
1000 1.269e-10
1025 1.116e-10
1050 9.955e-11
1075 8.807e-11
1100 7.943e-11
1125 7.021e-11
1150 6.304e-11
1175 5.683e-11
1200 5.123e-11
1225 4.527e-11
1250 4.049e-11
1275 3.745e-11
1300 3.316e-11
1325 2.965e-11
1350 2.694e-11
1375 2.436e-11
1400 2.243e-11
1425 2.010e-11
1450 1.812e-11
1475 1.619e-11
1500 1.490e-11
1525 1.364e-11
1550 1.245e-11
1575 1.085e-11
1600 1.006e-11
1625 9.177e-12
1650 8.402e-12
1675 7.569e-12
1700 6.950e-12
1725 6.411e-12
1750 5.731e-12
1775 5.230e-12
1800 4.803e-12
1825 4.392e-12
1850 4.005e-12
1875 3.625e-12
1900 3.377e-12
1925 3.095e-12
1950 2.756e-12
1975 2.495e-12
2000 2.339e-12
2025 2.132e-12
2050 1.922e-12
2075 1.784e-12
2100 1.654e-12
2125 1.490e-12
2150 1.371e-12
2175 1.281e-12
2200 1.166e-12
2225 1.062e-12
2250 9.632e-13
2275 8.783e-13
2300 8.141e-13
2325 7.500e-13
2350 6.802e-13
2375 6.254e-13
2400 5.776e-13
2425 5.291e-13
2450 5.006e-13
2475 4.482e-13
2500 4.147e-13
2525 3.791e-13
2550 3.409e-13
2575 3.238e-13
2600 2.966e-13
2625 2.701e-13
2650 2.495e-13
