200 2.052e-08
225 1.364e-08
250 9.768e-09
275 6.891e-09
300 5.207e-09
325 3.906e-09
350 3.045e-09
375 2.308e-09
400 1.803e-09
425 1.434e-09
450 1.153e-09
475 9.241e-10
500 7.448e-10
525 6.086e-10
550 5.072e-10
575 4.254e-10
600 3.583e-10
625 3.019e-10
650 2.555e-10
675 2.155e-10
700 1.856e-10
725 1.596e-10
750 1.403e-10
775 1.195e-10
800 1.049e-10
825 8.981e-11
850 7.815e-11
875 7.051e-11
900 6.249e-11
925 5.305e-11
950 4.775e-11
975 4.155e-11
1000 3.772e-11
1025 3.266e-11
1050 2.949e-11
1075 2.594e-11
1100 2.340e-11
1125 2.068e-11
1150 1.877e-11
1175 1.692e-11
1200 1.488e-11
1225 1.338e-11
1250 1.210e-11
1275 1.088e-11
1300 9.873e-12
1325 8.862e-12
1350 7.939e-12
1375 7.122e-12
1400 6.434e-12
1425 5.929e-12
1450 5.287e-12
1475 4.783e-12
1500 4.353e-12
1525 3.961e-12
1550 3.581e-12
1575 3.236e-12
1600 2.924e-12
1625 2.685e-12
1650 2.447e-12
1675 2.223e-12
1700 2.039e-12
1725 1.815e-12
1750 1.679e-12
1775 1.575e-12
1800 1.405e-12
1825 1.251e-12
1850 1.158e-12
1875 1.055e-12
1900 9.690e-13
1950 8.048e-13
1975 7.459e-13
2000 6.694e-13
2025 6.174e-13
2050 5.621e-13
2075 5.128e-13
2100 4.752e-13
2125 4.318e-13
2150 3.953e-13
2175 3.606e-13
2200 3.304e-13
2225 3.021e-13
2250 2.777e-13
2275 2.528e-13
2300 2.304e-13
2325 2.150e-13
2350 1.975e-13
2375 1.803e-13
2400 1.638e-13
2425 1.507e-13
2450 1.366e-13
2475 1.251e-13
2500 1.181e-13
