200.0     5.733e-11    
225.0     3.887e-11    
250.0     2.719e-11    
275.0     1.953e-11    
300.0     1.459e-11    
325.0     1.095e-11    
350.0     8.289e-12    
375.0     6.275e-12    
400.0     4.86e-12    
425.0     3.842e-12    
450.0     3.056e-12    
475.0     2.49e-12    
500.0     2.03e-12    
525.0     1.693e-12    
550.0     1.386e-12    
575.0     1.152e-12    
600.0     9.724e-13    
625.0     8.267e-13    
650.0     7.112e-13    
675.0     6.045e-13    
700.0     5.204e-13    
725.0     4.469e-13    
750.0     3.866e-13    
775.0     3.344e-13    
800.0     2.929e-13    
825.0     2.573e-13    
850.0     2.237e-13    
875.0     1.964e-13    
900.0     1.722e-13    
925.0     1.516e-13    
950.0     1.341e-13    
975.0     1.198e-13    
1000.0     1.055e-13    
1025.0     9.45e-14    
1050.0     8.331e-14    
1075.0     7.425e-14    
1100.0     6.627e-14    
1125.0     5.922e-14    
1150.0     5.32e-14    
1175.0     4.748e-14    
1200.0     4.254e-14    
1225.0     3.812e-14    
1250.0     3.444e-14    
1275.0     3.101e-14    
1300.0     2.78e-14    
1325.0     2.505e-14    
1350.0     2.285e-14    
1375.0     2.065e-14    
1400.0     1.866e-14    
1425.0     1.697e-14    
1450.0     1.531e-14    
1475.0     1.382e-14    
1500.0     1.251e-14    
1525.0     1.139e-14    
1550.0     1.035e-14    
1575.0     9.397e-15    
1600.0     8.552e-15    
1625.0     7.781e-15    
1650.0     7.075e-15    
1675.0     6.47e-15    
1700.0     5.883e-15    
1725.0     5.34e-15    
1750.0     4.905e-15    
1775.0     4.488e-15    
1800.0     4.09e-15    
1825.0     3.73e-15    
1875.0     3.111e-15    
1900.0     2.836e-15    
1925.0     2.599e-15    
1950.0     2.382e-15    
1975.0     2.168e-15    
2000.0     1.992e-15    
